2902
2904
2905
2907
2908
2909
2911
2916
2919
2920
2922
2924
2929
2932
3003
3004
3005
3006
3009
3010
3013
3017
3018
3021
3022
3025
3026
3027
3028
3032
3034
3037
3043
3047
3053
3056
3059
3103
3106
3111
3114
3123
3125
3128
3129
3130
3131
3132
3133
3134
3139
3140
3144
3151
3153
3154
3158
3161
3163
3165
3169
3201
3204
3207
3209
3217
3218
3219
3224
3226
3228
3229
3236
3240
3250
3253
3259
3260
3261
3262
3267
3301
3307
3312
3315
3316
3317
3324
3405
3406
3410
3412
3419
3503
3505
3506
3513
3517
3526
3530
3531
3547
3551
3553
3556
3566
3568
3571
3576
3607
3609
3616
3621
3626
3628
3633
3637
3639
3646
3647
3648
3701
3706
3709
3716
3717
3721
3725
3726
3730
3731
3733
3738
3739
3740
3741
3743
3747
3754
3755
3757
3803
3902
3906
3908
3911
3912
3913
3915
3920
3926
3927
3928
3931
3932
3935
3942
3944
3946
3953
3959
4006
4014
4021
4028
4029
4034
4035
4036
4038
4045
4046
4047
4048
4049
4052
4055
4060
4065
4069
4205
4207
4209
4210
4219
4220
4222
4225
4226
4228
4229
4231
4236
4237
4302
4303
4305
4504
4508
4519